[gd_scene load_steps=7 format=2]

[ext_resource path="res://Main3D/Map3D.tscn" type="PackedScene" id=1]
[ext_resource path="res://Character3D/Character3D.tscn" type="PackedScene" id=2]
[ext_resource path="res://Main3D/WorldScaleNode.gd" type="Script" id=3]
[ext_resource path="res://Zombie3D/Zombie3D.tscn" type="PackedScene" id=4]
[ext_resource path="res://MeshLibrary/MeshMergerScene.tscn" type="PackedScene" id=5]

[sub_resource type="Environment" id=1]
background_mode = 1
background_energy = 0.5
fog_depth_enabled = false
fog_depth_begin = 4.0
fog_depth_end = 8.0

[node name="Spatial" type="Spatial"]

[node name="Spatial" type="Spatial" parent="."]
transform = Transform( 1, 0, 0, 0, 1.414, 0, 0, 0, 1.414, 0, 0, 0 )
script = ExtResource( 3 )
world_scale = Vector3( 1, 1.414, 1.414 )

[node name="KinematicBody" parent="Spatial" instance=ExtResource( 4 )]
transform = Transform( 1, 0, 0, 0, 1, 0, 0, 0, 1, -0.345074, -1.68613e-07, 0.482176 )

[node name="Character3D" parent="Spatial" instance=ExtResource( 2 )]
transform = Transform( 1, 0, 0, 0, 1, 0, 0, 0, 1, 2.26892, 0, -0.587981 )

[node name="SpotLight" type="SpotLight" parent="Spatial/Character3D"]
transform = Transform( 1, 0, 0, 0, 0.344102, 0.938932, 0, -0.938932, 0.344102, 0, 1.98665, 0.590494 )
light_energy = 8.964
light_cull_mask = 4293918752
shadow_enabled = true
spot_angle = 24.13

[node name="OmniLight" type="OmniLight" parent="Spatial/Character3D"]
transform = Transform( 1, 0, 0, 0, 1, 0, 0, 0, 1, 0, 1.00789, 0 )
light_cull_mask = 4294967263
shadow_enabled = true
shadow_bias = 0.1
omni_range = 3.461
omni_attenuation = 2.14355

[node name="SpotLight2" type="SpotLight" parent="Spatial/Character3D"]
transform = Transform( 1, 0, 0, 0, -4.37114e-08, 1, 0, -1, -4.37114e-08, 0, 0.546773, 0 )
light_energy = 5.809
light_negative = true
light_cull_mask = 4294967263
spot_range = 1.945
spot_angle = 8.06

[node name="RemoteTransform" type="RemoteTransform" parent="Spatial/Character3D"]
remote_path = NodePath("../../../CameraRoot")
update_rotation = false
update_scale = false

[node name="Map3D" parent="Spatial" instance=ExtResource( 1 )]

[node name="Spatial2" parent="Spatial" instance=ExtResource( 5 )]
transform = Transform( 1, 0, 0, 0, 1, 0, 0, 0, 1, 5.334, 0, -2.50688 )

[node name="DirectionalLight" type="DirectionalLight" parent="Spatial"]
transform = Transform( -0.447214, 0.255551, -0.857143, 0, 0.958315, 0.285715, 0.894427, 0.127775, -0.428572, -10, 17.834, 0 )
light_energy = 0.5
shadow_enabled = true

[node name="WorldEnvironment" type="WorldEnvironment" parent="Spatial"]
environment = SubResource( 1 )

[node name="CameraRoot" type="Spatial" parent="."]
transform = Transform( 1, 0, 0, 0, 0.707107, 0.707107, 0, -0.707107, 0.707107, 2.26892, 0, -0.831405 )

[node name="Camera" type="Camera" parent="CameraRoot"]
transform = Transform( 1, 0, 0, 0, 1, 0, 0, 0, 1, 0, 0, 4 )
projection = 1
current = true
size = 8.0
near = 0.01
