[gd_scene load_steps=5 format=2]

[ext_resource path="res://Main3D/Map3D.tscn" type="PackedScene" id=1]
[ext_resource path="res://Character3D/Character3D.tscn" type="PackedScene" id=2]
[ext_resource path="res://Zombie3D/Zombie3D.tscn" type="PackedScene" id=4]

[sub_resource type="Environment" id=1]
background_mode = 1
background_energy = 0.5
fog_depth_enabled = false
fog_depth_begin = 4.0
fog_depth_end = 8.0

[node name="Spatial" type="Spatial"]
transform = Transform( 1, 0, 0, 0, 1.414, 0, 0, 0, 1.414, 0, 0, 0 )

[node name="DirectionalLight" type="DirectionalLight" parent="."]
transform = Transform( -0.5, 0.433013, -0.75, 0, 0.866025, 0.5, 0.866025, 0.25, -0.433013, -10, 8.917, 0 )
visible = false
light_energy = 0.5
shadow_enabled = true

[node name="KinematicBody" parent="." instance=ExtResource( 4 )]
transform = Transform( 1, 0, 0, 0, 1, 0, 0, 0, 1, -0.345074, -8.43064e-08, 0.417577 )

[node name="Character3D" parent="." instance=ExtResource( 2 )]

[node name="Camera" type="Camera" parent="Character3D"]
transform = Transform( 1, 0, 0, 0, 0.707107, 0.707107, 0, -0.707107, 0.707107, 0, 4, 4 )
projection = 1
current = true
size = 8.0
near = 0.01

[node name="SpotLight" type="SpotLight" parent="Character3D"]
transform = Transform( 1, 0, 0, 0, 0.344102, 0.938932, 0, -0.938932, 0.344102, 0, 1.98665, 0.590494 )
light_energy = 8.964
light_cull_mask = 4293918752
shadow_enabled = true
spot_angle = 24.13

[node name="OmniLight" type="OmniLight" parent="Character3D"]
transform = Transform( 1, 0, 0, 0, 0.707214, 0, 0, 0, 0.707214, 0, 0.303474, 0 )
light_cull_mask = 4294967263
shadow_enabled = true
shadow_bias = 0.1
omni_range = 3.461
omni_attenuation = 2.14355

[node name="SpotLight2" type="SpotLight" parent="Character3D"]
transform = Transform( 1, 0, 0, 0, -3.09133e-08, 0.707214, 0, -0.707214, -3.09133e-08, 0, 1.182, 0 )
light_energy = 5.809
light_negative = true
light_cull_mask = 4294967263
spot_range = 1.945
spot_angle = 8.06

[node name="WorldEnvironment" type="WorldEnvironment" parent="."]
environment = SubResource( 1 )

[node name="Map3D" parent="." instance=ExtResource( 1 )]
